kNN
Nodes 	 Percent 	 F-measure
1 	 72.6 % 	 [0.68333333333333335, 0.65999999999999992, 0.46969696969696972, 0.7371428571428571, 0.66250240987083087]
2 	 67.4 % 	 [0.56222222222222218, 0.55052947052947054, 0.59285714285714286, 0.6860317460317461, 0.5664160401002506]
3 	 71.6 % 	 [0.68319327731092439, 0.70324675324675323, 0.52333333333333343, 0.66146076146076138, 0.57002801120448177]
4 	 69.5 % 	 [0.68319327731092439, 0.59923076923076923, 0.47333333333333327, 0.66146076146076138, 0.61890019165560961]
5 	 62.1 % 	 [0.6333333333333333, 0.69307692307692315, 0.27181818181818185, 0.55796425796425797, 0.47644110275689222]
6 	 63.2 % 	 [0.6333333333333333, 0.69307692307692315, 0.27181818181818185, 0.55796425796425797, 0.53959899749373441]
7 	 55.8 % 	 [0.56947368421052624, 0.55666666666666664, 0.27181818181818185, 0.35486111111111107, 0.48947368421052628]
8 	 62.1 % 	 [0.56947368421052624, 0.69307692307692315, 0.36333333333333334, 0.49968253968253967, 0.53834586466165413]
9 	 53.7 % 	 [0.56947368421052624, 0.63928571428571435, 0.27181818181818185, 0.28375, 0.36842105263157893]
10 	 53.7 % 	 [0.56947368421052624, 0.55666666666666664, 0.27181818181818185, 0.28375, 0.42982456140350872]
11 	 50.5 % 	 [0.4967464114832536, 0.55666666666666664, 0.27181818181818185, 0.18705882352941178, 0.36842105263157893]
12 	 51.6 % 	 [0.4967464114832536, 0.55666666666666664, 0.27181818181818185, 0.28375, 0.36842105263157893]
13 	 50.5 % 	 [0.55064102564102568, 0.55666666666666664, 0.18181818181818182, 0.18705882352941178, 0.38496240601503762]
14 	 50.5 % 	 [0.55343137254901953, 0.55666666666666664, 0.18181818181818182, 0.18705882352941178, 0.38496240601503762]
15 	 48.4 % 	 [0.48407239819004522, 0.50358974358974362, 0.18181818181818182, 0.18705882352941178, 0.38496240601503762]
16 	 49.5 % 	 [0.5773076923076923, 0.49142857142857144, 0.18166666666666667, 0.18705882352941178, 0.38847117794486219]
17 	 48.4 % 	 [0.58009803921568615, 0.42928571428571438, 0.18181818181818182, 0.18705882352941178, 0.38847117794486219]
18 	 47.4 % 	 [0.53857142857142848, 0.43880952380952376, 0.18181818181818182, 0.18705882352941178, 0.38847117794486219]
19 	 48.4 % 	 [0.58009803921568615, 0.43880952380952376, 0.18181818181818182, 0.18705882352941178, 0.40135916714864078]
20 	 45.3 % 	 [0.40857142857142853, 0.43880952380952376, 0.27181818181818185, 0.18705882352941178, 0.37560568086883872]
Desicion Tree
Percent 	 F-measure
90.5 % 	 [0.84155844155844162, 0.79633838383838385, 0.90000000000000002, 0.94444444444444442, 0.83375104427736013]
