11890
1239
kNN
Nodes 	 Percent 	 F-measure
1 	 72.0 % 	 [0.67230769230769227, 0.66249999999999998, 0.89612942612942614, 0.69999999999999996, 0.51089743589743586]
2 	 74.0 % 	 [0.73333333333333328, 0.5714285714285714, 0.89612942612942614, 0.74523809523809526, 0.50936507936507947]
3 	 67.0 % 	 [0.63119658119658117, 0.52788461538461529, 0.89612942612942614, 0.49423076923076925, 0.53041666666666676]
4 	 69.0 % 	 [0.68333333333333335, 0.56634615384615383, 0.83335164835164832, 0.55126540126540124, 0.53347222222222224]
5 	 63.0 % 	 [0.57873015873015876, 0.54166666666666663, 0.73168498168498164, 0.49423076923076925, 0.52083333333333326]
6 	 68.0 % 	 [0.63958333333333328, 0.55673076923076914, 0.78880619380619388, 0.60256410256410253, 0.57847222222222228]
7 	 64.0 % 	 [0.63958333333333328, 0.55673076923076914, 0.73168498168498164, 0.46298701298701295, 0.53041666666666676]
8 	 68.0 % 	 [0.63958333333333328, 0.6067307692307693, 0.73168498168498164, 0.55126540126540124, 0.62624999999999997]
9 	 61.0 % 	 [0.57705882352941174, 0.6067307692307693, 0.64642857142857135, 0.33659340659340659, 0.52428104575163403]
10 	 63.0 % 	 [0.58958333333333335, 0.6067307692307693, 0.64642857142857135, 0.42487179487179488, 0.57205882352941173]
11 	 61.0 % 	 [0.63958333333333328, 0.6067307692307693, 0.64642857142857135, 0.33659340659340659, 0.47622549019607846]
12 	 60.0 % 	 [0.58958333333333335, 0.6067307692307693, 0.64642857142857135, 0.33659340659340659, 0.47622549019607846]
13 	 54.0 % 	 [0.4620588235294118, 0.44333333333333336, 0.64642857142857135, 0.33659340659340659, 0.39305555555555549]
14 	 55.0 % 	 [0.4620588235294118, 0.50714285714285712, 0.64642857142857135, 0.33659340659340659, 0.39305555555555549]
15 	 51.0 % 	 [0.4620588235294118, 0.44333333333333336, 0.5180769230769231, 0.33659340659340659, 0.33888888888888891]
16 	 51.0 % 	 [0.4620588235294118, 0.44333333333333336, 0.5180769230769231, 0.33659340659340659, 0.33991596638655464]
17 	 51.0 % 	 [0.4620588235294118, 0.44333333333333336, 0.5180769230769231, 0.33659340659340659, 0.34355158730158736]
18 	 49.0 % 	 [0.4620588235294118, 0.44333333333333336, 0.5180769230769231, 0.33659340659340659, 0.28636363636363638]
19 	 46.0 % 	 [0.3725133689839572, 0.38916666666666666, 0.5180769230769231, 0.33659340659340659, 0.27781385281385279]
20 	 48.0 % 	 [0.4620588235294118, 0.38916666666666666, 0.5180769230769231, 0.33659340659340659, 0.34642857142857142]
Desicion Tree
Percent 	 F-measure
92.0 % 	 [0.89333333333333331, 0.9494949494949495, 0.9485714285714284, 0.95079365079365064, 0.8504870129870129]
